<?xml version="1.0" encoding="UTF-8" standalone="no"?>
<!DOCTYPE svg PUBLIC "-//W3C//DTD SVG 20010904//EN"
              "http://www.w3.org/TR/2001/REC-SVG-20010904/DTD/svg10.dtd">

<svg xmlns="http://www.w3.org/2000/svg"
     width="8.64444in" height="8.78889in"
     viewBox="0 0 778 791">
  <path id="Imported Path"
        fill="none" stroke="black" stroke-width="1"
        d="M 6.25,777.75
           C 6.25,778.75 4.88,781.75 3.13,784.25
             1.38,786.75 0.00,789.38 0.00,790.13
             0.00,791.62 6.88,790.63 12.88,788.00
             20.26,785.00 18.39,779.50 9.13,776.63
             7.00,776.00 6.25,776.38 6.25,777.75 Z
           M 13.63,784.13
           C 12.63,785.00 10.01,786.25 7.63,787.13
             4.00,788.25 3.63,788.25 5.00,786.63
             5.88,785.63 7.38,784.75 8.26,784.75
             9.26,784.75 10.01,783.63 10.01,782.25
             10.01,780.00 10.38,779.88 12.63,781.13
             14.88,782.25 15.01,782.75 13.63,784.13 Z
           M 40.40,757.26
           C 39.90,759.14 38.65,759.76 35.65,759.76
             32.02,759.76 30.64,760.88 25.02,768.01
             21.51,772.51 18.89,776.50 19.26,777.00
             20.26,777.88 49.91,766.01 52.16,763.76
             53.03,762.88 53.78,760.38 53.78,758.39
             53.78,754.89 53.66,754.76 47.41,754.76
             42.15,754.76 40.90,755.14 40.40,757.26 Z
           M 51.28,759.01
           C 51.28,759.88 50.53,761.26 49.78,761.88
             46.65,764.26 26.14,772.13 27.02,770.63
             31.02,764.01 33.15,762.26 37.27,762.26
             40.40,762.26 41.65,761.63 42.15,759.76
             42.65,757.89 43.90,757.26 47.03,757.26
             49.78,757.26 51.28,757.89 51.28,759.01 Z
           M 74.17,741.02
           C 67.04,742.52 62.92,745.39 61.29,750.26
             58.66,758.51 63.17,760.76 72.55,756.01
             75.30,754.64 79.43,753.51 81.93,753.51
             86.31,753.51 86.31,753.51 86.31,748.14
             86.31,743.52 85.81,742.39 83.18,741.27
             81.43,740.39 79.80,739.77 79.68,739.89
             79.55,740.02 77.05,740.52 74.17,741.02 Z
           M 83.55,747.51
           C 83.93,750.64 83.55,751.01 80.05,751.01
             77.93,751.01 74.05,752.14 71.30,753.51
             68.54,754.89 65.79,756.01 65.04,756.01
             62.67,756.01 63.79,750.26 66.67,747.64
             70.42,744.26 72.30,743.64 78.18,743.89
             82.68,744.14 83.18,744.51 83.55,747.51 Z
           M 307.20,611.06
           C 304.57,613.43 302.69,616.43 302.19,619.18
             301.44,622.80 300.69,623.68 296.69,624.80
             294.19,625.43 290.56,626.05 288.69,626.05
             286.06,626.05 285.06,626.80 284.43,629.30
             283.06,634.80 284.81,640.67 288.81,644.42
             291.44,646.80 293.19,650.17 294.31,654.67
             297.19,666.04 303.45,666.04 310.32,654.67
             312.70,650.92 315.33,648.30 317.20,647.80
             320.96,646.80 321.08,645.17 317.45,644.05
             314.70,643.30 312.70,641.42 312.70,639.67
             312.70,639.17 315.33,638.55 318.45,638.05
             334.09,635.92 340.22,632.05 340.22,624.18
             340.22,616.06 338.72,614.81 329.21,614.81
             320.96,614.81 320.71,614.68 319.33,611.06
             317.45,606.06 312.95,606.06 307.20,611.06 Z
           M 317.58,613.56
           C 318.83,617.18 318.95,617.30 327.46,617.30
             334.34,617.30 336.34,617.68 336.97,619.30
             339.97,627.18 334.46,632.68 320.83,634.92
             308.45,637.05 307.82,637.55 310.57,642.17
             312.70,645.92 312.70,646.17 310.45,649.42
             309.07,651.42 307.07,654.42 305.95,656.29
             303.57,660.42 297.69,661.29 297.69,657.54
             297.69,652.54 294.94,646.30 290.81,641.92
             287.31,638.17 286.43,636.30 286.68,633.30
             287.06,629.55 287.43,629.30 294.44,627.93
             302.07,626.43 305.20,623.93 305.20,619.30
             305.20,616.68 312.08,609.93 314.83,609.81
             315.58,609.81 316.83,611.43 317.58,613.56 Z
           M 329.34,588.81
           C 323.21,593.31 322.33,597.31 326.71,600.31
             329.46,602.31 329.46,602.31 325.46,603.06
             320.33,604.06 320.46,605.06 325.83,607.68
             331.09,610.18 332.84,609.56 337.09,604.06
             340.09,600.19 340.84,599.81 346.22,600.19
             346.22,600.19 352.10,600.44 352.10,600.44
             352.10,600.44 352.10,596.06 352.10,596.06
             352.10,592.56 351.48,591.44 348.35,589.81
             346.35,588.81 344.10,587.19 343.60,586.31
             341.72,583.57 334.84,584.69 329.34,588.81 Z
           M 341.47,588.56
           C 341.47,589.19 343.47,590.56 345.97,591.69
             349.10,592.94 350.35,594.19 349.97,595.69
             349.60,597.56 348.47,597.81 343.85,597.56
             338.34,597.19 337.84,597.31 335.22,601.56
             333.34,604.68 331.71,606.06 329.84,605.93
             327.09,605.68 327.09,605.68 329.96,605.18
             333.59,604.43 333.46,601.56 329.59,599.06
             325.33,596.31 325.71,594.69 331.84,590.81
             337.22,587.31 341.47,586.31 341.47,588.56 Z
           M 485.56,546.45
           C 481.81,550.33 480.06,556.07 482.69,556.07
             485.31,556.07 494.69,547.70 494.69,545.33
             494.69,541.33 490.06,541.83 485.56,546.45 Z
           M 46.91,529.83
           C 43.90,532.21 40.78,533.58 38.27,533.58
             36.02,533.58 33.15,534.46 31.77,535.46
             30.52,536.46 27.89,537.33 26.02,537.33
             21.01,537.33 21.51,540.83 26.77,542.95
             32.27,545.33 33.27,546.95 30.77,549.70
             28.39,552.33 28.14,554.82 30.39,554.82
             31.27,554.82 34.65,556.45 37.90,558.57
             41.15,560.57 47.03,563.45 50.91,564.70
             50.91,564.70 58.04,567.07 58.04,567.07
             58.04,567.07 60.66,562.82 60.66,562.82
             62.04,560.45 64.42,557.70 66.04,556.57
             69.42,554.20 69.54,550.95 66.29,547.95
             64.79,546.58 63.79,544.08 63.79,541.70
             63.79,539.45 62.92,536.96 61.91,536.08
             60.54,534.96 60.29,534.08 61.29,533.08
             63.42,530.96 62.79,529.83 58.16,527.83
             52.41,525.46 52.41,525.46 46.91,529.83 Z
           M 57.79,533.83
           C 57.54,535.58 58.29,537.71 59.29,538.58
             60.41,539.45 61.29,541.58 61.29,543.20
             61.29,544.95 62.42,547.70 63.79,549.45
             63.79,549.45 66.17,552.58 66.17,552.58
             66.17,552.58 62.54,555.57 62.54,555.57
             60.54,557.32 58.54,559.82 58.16,561.20
             57.04,564.57 53.53,563.70 41.53,557.07
             34.90,553.45 32.65,551.70 33.65,550.70
             36.15,548.20 35.15,543.70 31.65,541.83
             29.39,540.58 28.89,539.95 30.14,539.83
             31.27,539.83 32.90,538.95 33.77,537.95
             34.65,536.96 37.15,536.08 39.40,536.08
             42.03,536.08 45.15,534.71 48.03,532.46
             53.66,527.96 58.41,528.71 57.79,533.83 Z
           M 444.54,526.33
           C 444.91,527.21 445.66,528.96 446.04,530.08
             446.54,531.33 447.66,532.33 448.54,532.33
             450.66,532.33 450.79,533.83 448.91,535.71
             447.04,537.58 448.54,539.83 451.67,539.83
             454.04,539.83 462.80,533.83 462.80,532.21
             462.80,531.83 461.42,529.96 459.67,528.08
             457.17,525.33 455.54,524.83 450.29,524.83
             445.54,524.83 444.04,525.21 444.54,526.33 Z
           M 456.79,529.83
           C 458.29,531.21 458.79,532.33 457.92,532.33
             456.17,532.33 449.04,528.83 449.04,527.96
             449.04,526.33 454.42,527.58 456.79,529.83 Z
           M 426.77,522.58
           C 425.90,523.46 425.27,524.58 425.27,525.21
             425.27,525.83 424.40,527.08 423.40,528.08
             422.02,529.58 421.90,530.58 422.90,532.46
             424.40,535.46 423.52,538.70 420.27,541.70
             416.64,544.95 417.14,547.33 421.52,547.33
             425.65,547.33 427.77,544.58 427.77,538.95
             427.77,536.96 429.15,533.33 430.90,530.83
             434.90,524.83 435.03,521.09 431.15,521.09
             429.53,521.09 427.65,521.71 426.77,522.58 Z
           M 428.78,528.46
           C 427.27,531.21 425.77,533.21 425.40,532.96
             424.65,532.08 429.03,523.58 430.40,523.58
             431.03,523.58 430.28,525.83 428.78,528.46 Z
           M 424.52,542.95
           C 424.02,543.95 423.15,544.83 422.52,544.83
             421.77,544.83 421.90,544.08 422.77,542.95
             423.65,541.95 424.52,541.08 424.77,541.08
             425.02,541.08 424.90,541.95 424.52,542.95 Z
           M 239.90,3.12
           C 238.90,5.50 238.90,6.75 240.40,9.00
             242.78,13.00 241.91,16.12 237.90,16.99
             236.03,17.49 231.52,19.49 227.77,21.37
             224.02,23.37 219.52,24.99 217.51,24.99
             210.51,24.99 204.76,29.49 202.25,36.86
             202.00,37.49 198.25,38.11 193.87,38.11
             185.99,38.11 185.87,38.11 182.49,43.11
             180.49,45.86 178.61,49.73 178.24,51.61
             177.49,54.86 176.99,55.11 174.11,54.23
             168.48,52.61 162.85,53.11 159.98,55.73
             158.48,56.98 155.98,58.11 154.35,58.11
             150.97,58.11 131.33,71.98 131.33,74.35
             131.33,75.35 129.08,78.73 126.33,81.85
             121.08,87.97 120.83,88.60 118.83,101.09
             116.45,117.21 106.19,125.46 82.55,130.58
             80.18,131.08 76.05,132.58 73.42,133.96
             70.67,135.33 64.67,137.08 59.79,138.08
             54.91,138.96 50.16,140.58 49.03,141.58
             47.41,143.33 47.53,143.95 50.53,147.45
             52.91,150.33 53.78,152.83 53.78,156.70
             53.78,161.45 53.16,162.45 48.78,166.07
             43.28,170.45 42.53,173.45 46.03,176.57
             49.91,180.07 72.92,189.57 79.18,190.19
             85.93,190.94 91.18,195.06 95.06,202.44
             98.69,209.43 102.57,223.43 102.57,229.30
             102.57,233.55 103.19,235.18 105.32,236.68
             107.69,238.42 108.32,238.42 110.07,236.80
             111.32,235.68 114.70,234.93 118.83,234.93
             123.70,234.93 125.83,234.30 127.08,232.68
             128.33,231.05 129.21,230.80 130.96,231.93
             132.21,232.68 133.21,234.30 133.21,235.55
             133.21,237.42 134.34,237.92 138.59,238.17
             141.72,238.30 145.09,239.42 146.47,240.67
             148.97,242.92 148.97,242.92 146.47,243.92
             143.09,245.17 143.09,249.80 146.34,254.04
             149.72,258.29 154.22,259.17 159.60,256.67
             163.48,254.79 164.86,254.79 170.61,256.17
             176.36,257.54 177.74,257.42 181.12,255.67
             185.12,253.67 185.12,253.67 185.12,256.79
             185.12,259.54 185.49,259.92 188.37,259.17
             193.12,257.92 191.75,261.17 186.49,263.92
             182.74,265.79 181.87,265.79 176.86,264.04
             171.86,262.29 170.98,262.42 168.23,264.17
             165.48,265.92 164.86,265.92 159.98,263.79
             156.35,262.17 153.97,261.67 152.47,262.42
             150.85,263.42 149.22,261.92 144.47,255.42
             137.09,245.42 135.09,244.17 130.08,246.80
             128.08,247.92 126.33,249.17 126.33,249.67
             126.33,250.17 129.08,252.05 132.34,253.92
             140.47,258.42 143.09,261.67 142.84,266.54
             142.47,273.04 143.84,274.04 149.35,271.04
             149.35,271.04 154.10,268.54 154.10,268.54
             154.10,268.54 154.72,271.16 154.72,271.16
             155.10,272.54 156.48,273.66 157.73,273.66
             159.10,273.66 160.10,274.29 160.10,275.04
             160.10,275.91 158.60,276.16 155.98,275.66
             152.47,275.04 151.22,275.54 147.34,279.04
             144.22,281.91 142.22,282.91 141.09,282.16
             140.22,281.66 137.71,281.29 135.59,281.41
             133.34,281.54 130.83,281.04 129.83,280.16
             128.83,279.29 125.21,278.29 121.83,277.91
             118.45,277.54 113.95,276.66 111.82,276.04
             108.44,275.04 108.07,274.41 108.57,271.16
             108.82,269.16 110.20,266.54 111.45,265.42
             114.70,262.54 114.57,256.67 111.32,254.92
             109.70,254.04 104.32,253.79 95.94,254.42
             85.30,255.04 82.68,255.67 80.30,257.92
             75.80,262.17 75.17,262.92 72.42,266.54
             70.92,268.42 67.67,271.04 65.17,272.16
             61.54,273.91 60.66,275.04 60.91,277.66
             61.04,280.54 60.54,280.91 55.41,281.54
             51.78,281.91 47.91,283.54 44.53,286.03
             41.78,288.16 36.52,291.28 32.90,293.03
             29.39,294.66 25.14,297.78 23.64,299.91
             21.51,302.78 19.76,303.65 16.64,303.65
             14.38,303.65 12.51,304.15 12.51,304.65
             12.51,309.03 33.40,316.40 46.78,316.77
             51.28,316.90 54.41,317.52 54.79,318.40
             55.04,319.27 56.54,319.90 58.04,319.90
             60.66,319.90 63.79,322.02 63.79,323.77
             63.79,324.27 62.67,324.40 61.41,324.02
             59.91,323.65 57.91,324.52 56.29,326.15
             53.91,328.52 53.03,328.65 50.41,327.52
             45.90,325.40 45.03,325.77 45.03,329.77
             45.03,332.52 46.40,334.39 50.53,337.89
             55.66,342.02 56.04,342.77 55.41,347.02
             55.41,347.02 54.79,351.76 54.79,351.76
             54.79,351.76 63.42,354.51 63.42,354.51
             74.67,358.14 83.68,359.14 84.55,356.89
             85.68,353.76 94.19,352.01 102.19,353.14
             106.19,353.64 110.45,354.01 111.70,353.89
             113.07,353.76 115.70,355.26 117.58,357.39
             122.08,362.26 128.83,362.76 128.83,358.26
             128.83,356.64 128.46,354.89 127.96,354.14
             127.33,353.51 127.96,354.01 129.08,355.14
             130.21,356.39 131.33,358.14 131.58,358.89
             131.83,359.64 133.09,360.01 134.21,359.51
             135.71,359.01 136.34,357.26 136.34,353.64
             136.34,347.89 139.71,343.64 144.22,343.64
             145.84,343.64 148.22,342.52 149.47,341.14
             150.72,339.77 152.60,338.64 153.72,338.64
             154.85,338.64 156.98,337.77 158.48,336.77
             160.98,335.02 161.23,335.14 163.61,338.89
             166.11,342.89 166.11,342.89 163.73,349.14
             162.48,352.64 161.35,355.64 161.35,355.76
             161.35,355.89 159.48,356.14 157.35,356.39
             151.22,357.01 151.10,361.39 156.85,365.13
             162.23,368.63 163.86,372.01 163.86,379.26
             163.86,389.00 156.60,403.87 150.10,407.37
             146.59,409.25 142.59,406.87 142.59,403.00
             142.59,400.25 142.09,399.87 138.21,399.87
             134.46,399.87 133.59,400.50 131.33,404.75
             129.96,407.50 128.33,410.00 127.71,410.37
             127.08,410.87 126.21,412.87 125.71,414.87
             124.58,420.12 123.20,420.49 118.20,416.74
             115.82,414.87 111.70,413.12 108.95,412.74
             104.82,412.12 103.44,412.62 100.94,415.12
             99.19,416.87 97.44,420.49 96.94,423.37
             95.81,429.99 94.19,431.24 84.80,431.99
             80.43,432.36 75.92,433.49 74.80,434.61
             73.55,435.61 71.80,439.36 70.80,442.98
             69.42,447.61 68.04,449.86 65.67,450.86
             63.92,451.61 62.42,452.73 62.42,453.23
             62.29,453.86 62.04,457.86 61.66,462.35
             60.91,476.72 60.66,477.47 58.41,478.72
             57.04,479.60 56.29,481.47 56.29,484.22
             56.29,487.97 56.66,488.60 59.29,488.60
             60.91,488.60 62.92,487.72 63.79,486.72
             66.29,483.85 67.04,484.47 66.54,488.97
             66.29,491.59 66.79,493.84 67.92,495.09
             69.29,496.34 69.54,498.59 69.17,502.72
             68.29,509.71 69.67,510.21 76.55,505.47
             81.18,502.34 85.05,502.34 85.05,505.59
             85.05,506.59 85.81,507.34 86.81,507.34
             88.31,507.34 88.18,508.34 86.56,513.46
             85.30,516.84 83.93,519.34 83.43,518.96
             82.80,518.59 82.68,517.59 83.05,516.59
             84.80,512.21 79.05,508.71 76.67,512.84
             76.17,513.84 74.55,514.71 73.17,515.09
             71.80,515.34 70.67,516.34 70.67,517.34
             70.67,518.34 69.42,520.46 67.92,521.96
             66.29,523.46 65.04,525.71 65.04,526.83
             65.04,528.58 65.92,528.71 70.05,528.08
             74.80,527.33 75.05,527.46 74.42,530.21
             73.92,532.21 74.55,534.08 76.80,536.46
             79.43,539.20 81.05,539.83 86.18,539.83
             89.56,539.83 93.94,540.45 95.81,541.08
             98.81,542.20 99.06,542.83 98.19,546.45
             95.69,557.45 95.56,556.45 100.19,555.57
             102.57,555.07 109.20,554.20 114.95,553.45
             120.70,552.83 126.46,551.70 127.83,550.95
             131.33,549.08 132.71,544.33 132.34,533.96
             132.34,533.96 132.08,524.71 132.08,524.71
             132.08,524.71 137.59,519.46 137.59,519.46
             142.72,514.34 142.84,514.34 139.84,518.59
             138.09,520.96 135.84,525.96 134.96,529.58
             133.46,535.58 133.59,536.71 135.46,540.08
             136.59,542.08 137.59,545.58 137.59,547.83
             137.59,550.20 138.71,553.45 140.09,555.20
             143.47,559.45 143.22,561.20 138.84,565.45
             134.59,569.57 134.21,571.82 137.09,575.94
             139.09,578.69 139.09,579.07 137.09,582.32
             134.71,586.44 134.46,592.44 136.59,594.56
             137.46,595.44 139.84,596.06 141.97,596.06
             146.59,596.06 152.85,591.81 161.98,582.44
             168.73,575.44 170.11,574.82 170.11,578.57
             170.11,581.69 177.11,588.56 180.37,588.56
             181.62,588.56 183.87,587.81 185.24,586.94
             188.12,585.32 188.37,585.56 194.25,594.81
             196.13,597.69 198.25,599.31 200.38,599.56
             203.76,599.94 203.76,599.81 204.13,591.44
             204.38,584.57 204.88,582.94 206.76,582.57
             207.88,582.32 208.88,582.94 208.88,583.82
             208.88,586.31 213.51,590.94 216.76,591.69
             218.77,592.19 222.64,590.69 229.52,586.81
             235.03,583.69 239.90,581.07 240.53,581.07
             242.16,581.07 241.41,583.57 237.53,591.44
             234.28,597.94 233.90,600.06 234.53,604.93
             235.28,610.31 235.03,611.06 231.52,614.68
             229.40,616.93 227.65,619.80 227.65,621.18
             227.65,625.30 225.77,627.68 218.39,632.80
             209.01,639.17 204.76,645.05 204.63,651.54
             204.51,656.42 204.76,656.79 209.88,659.17
             216.39,662.17 216.01,664.29 209.01,663.79
             205.38,663.54 203.63,664.04 203.13,665.29
             202.63,666.79 201.25,666.54 195.50,663.92
             187.25,660.17 181.87,660.54 174.49,665.79
             170.98,668.16 168.98,670.91 167.61,674.79
             164.73,683.28 164.11,683.91 160.98,681.66
             156.73,678.79 155.47,679.41 154.10,685.16
             152.60,690.91 148.47,695.91 146.97,693.66
             145.59,691.41 141.59,692.16 140.72,694.78
             140.34,696.15 140.22,697.65 140.59,698.28
             140.84,698.78 140.72,700.03 140.22,700.90
             139.46,702.03 138.21,701.53 135.09,699.03
             135.09,699.03 131.08,695.53 131.08,695.53
             131.08,695.53 127.08,700.40 127.08,700.40
             123.83,704.15 121.95,705.28 117.45,705.90
             112.32,706.65 111.70,707.15 108.95,712.65
             107.32,716.02 103.82,720.40 101.19,722.52
             97.06,725.90 96.31,727.15 96.31,731.27
             96.31,736.77 99.69,741.02 104.07,741.02
             105.94,741.02 109.45,738.27 114.20,733.14
             114.20,733.14 121.58,725.40 121.58,725.40
             121.58,725.40 129.96,725.40 129.96,725.40
             129.96,725.40 138.21,725.40 138.21,725.40
             138.21,725.40 137.96,716.65 137.96,716.65
             137.96,716.65 137.84,707.90 137.84,707.90
             137.84,707.90 140.59,711.28 140.59,711.28
             142.09,713.27 144.22,714.77 145.47,714.77
             147.22,714.77 147.59,713.52 147.59,708.03
             147.59,703.65 148.22,700.78 149.47,699.78
             151.10,698.40 151.35,698.78 151.35,701.90
             151.35,703.90 151.97,706.15 152.85,707.03
             154.97,709.15 159.98,708.90 160.85,706.65
             161.35,705.65 163.23,704.78 165.23,704.78
             168.48,704.78 175.61,699.90 179.74,694.78
             180.99,693.16 181.24,693.53 181.37,696.90
             181.37,703.28 185.37,702.40 190.87,694.91
             193.37,691.28 196.38,688.53 198.00,688.28
             199.50,688.03 200.75,687.03 200.75,686.03
             200.88,682.78 207.88,674.79 212.89,672.16
             215.64,670.79 218.02,668.91 218.52,667.91
             218.89,666.66 221.02,666.04 225.27,666.04
             230.52,666.04 231.52,665.66 233.02,662.67
             234.78,659.29 234.90,659.29 235.78,662.17
             237.28,666.91 240.65,664.79 242.28,657.92
             243.28,654.04 245.16,650.54 247.16,648.67
             249.29,646.92 250.91,643.92 251.29,641.30
             252.16,636.30 255.16,634.17 262.79,632.92
             265.67,632.55 269.05,630.55 272.43,627.30
             275.30,624.55 278.43,622.30 279.55,622.30
             280.56,622.30 281.43,621.18 281.43,619.80
             281.43,618.30 283.31,616.18 286.43,614.18
             289.31,612.31 292.19,609.31 293.19,606.81
             294.31,604.06 295.94,602.31 297.82,602.06
             299.32,601.81 301.19,600.56 301.94,599.31
             302.69,598.06 305.70,594.69 308.57,591.94
             315.58,585.44 315.70,581.69 309.32,578.94
             306.70,577.94 302.44,576.69 299.94,576.32
             294.69,575.69 293.81,574.19 297.69,572.94
             299.57,572.32 300.19,571.07 300.19,567.82
             300.19,564.82 300.82,563.32 302.44,562.82
             306.82,561.45 308.32,560.07 308.70,557.20
             309.32,553.33 312.20,550.08 317.95,547.20
             325.46,543.33 327.59,536.58 322.46,533.08
             322.46,533.08 319.71,531.08 319.71,531.08
             319.71,531.08 322.96,531.08 322.96,531.08
             327.71,531.08 335.97,522.83 336.97,516.96
             338.09,511.09 347.22,500.47 355.35,495.84
             361.86,492.09 362.73,490.72 364.11,481.72
             364.98,475.60 365.11,475.60 364.73,483.47
             364.48,490.59 364.73,491.47 367.24,492.59
             370.24,493.97 371.36,493.72 376.49,490.35
             379.24,488.60 379.24,488.72 376.24,491.34
             371.86,494.97 371.86,497.09 375.87,498.09
             377.49,498.47 379.49,499.59 380.37,500.59
             381.12,501.59 383.62,502.34 385.75,502.47
             389.00,502.47 389.25,502.72 387.12,503.47
             385.75,504.09 383.62,504.09 382.50,503.47
             381.25,502.72 379.12,502.84 377.24,503.84
             374.62,504.97 373.62,504.84 371.74,503.22
             368.61,500.34 366.36,500.59 360.73,504.34
             358.11,506.22 354.10,508.21 351.85,508.84
             346.97,510.21 346.35,511.71 347.97,518.84
             349.22,523.83 348.97,525.71 346.47,532.33
             344.60,537.21 342.22,540.95 339.97,542.70
             335.97,545.70 335.47,548.70 338.59,552.33
             340.97,555.07 347.47,555.70 351.60,553.58
             355.35,551.45 354.35,554.07 350.23,557.07
             348.22,558.70 346.47,560.45 346.47,561.20
             346.47,561.95 344.85,563.95 342.72,565.70
             337.97,569.57 337.59,574.07 341.97,573.32
             343.85,572.94 345.35,573.32 345.72,574.32
             346.97,577.57 352.48,576.19 357.10,571.69
             359.48,569.20 361.48,566.45 361.48,565.57
             361.48,564.57 362.73,563.57 364.36,563.07
             368.11,562.07 368.36,562.20 367.99,564.45
             367.36,567.57 368.74,569.82 370.86,569.07
             372.11,568.57 372.74,566.70 372.74,563.70
             372.74,558.57 373.62,556.82 376.87,555.70
             378.24,555.20 379.49,553.58 379.99,552.08
             380.62,549.70 380.74,549.70 382.12,551.58
             383.12,552.83 384.50,553.33 385.75,552.83
             387.87,552.08 387.87,549.83 385.87,544.58
             385.37,543.33 386.62,543.08 391.50,543.33
             394.88,543.58 397.76,543.33 397.76,542.70
             397.76,542.08 399.26,541.58 401.26,541.70
             403.88,541.70 404.76,541.08 405.01,538.58
             405.26,536.96 406.39,534.96 407.39,534.08
             408.51,533.33 409.01,532.08 408.51,531.33
             408.14,530.58 408.89,529.83 410.51,529.58
             412.77,529.33 413.27,528.21 413.64,523.08
             414.14,517.09 414.14,516.96 410.89,517.59
             407.76,518.21 407.76,518.21 409.89,515.84
             411.51,514.09 411.76,512.96 410.76,511.34
             408.51,507.71 410.14,500.22 413.64,497.97
             416.52,495.97 416.77,495.97 416.14,498.22
             415.77,499.47 415.14,502.34 414.64,504.47
             413.89,508.21 414.02,508.59 417.02,508.59
             419.02,508.59 420.27,507.84 420.27,506.84
             420.27,504.84 427.02,502.09 429.53,503.09
             430.53,503.47 432.78,502.84 434.65,501.59
             437.91,499.47 437.91,499.47 437.16,502.59
             436.66,504.47 436.91,506.22 437.66,506.59
             438.41,507.09 439.03,508.46 439.03,509.84
             439.03,513.09 442.66,513.96 446.16,511.71
             450.04,509.21 451.29,510.09 450.54,514.71
             449.91,518.96 452.79,521.21 455.79,518.71
             457.04,517.71 457.79,517.71 459.05,519.21
             459.92,520.21 461.92,521.09 463.55,521.09
             465.42,521.09 466.55,521.84 466.55,522.96
             466.55,524.08 465.42,524.83 463.42,524.83
             459.80,524.83 459.30,526.71 462.55,528.33
             466.67,530.58 480.93,531.08 484.44,529.21
             484.44,529.21 487.81,527.46 487.81,527.46
             487.81,527.46 487.06,532.33 487.06,532.33
             486.31,536.83 486.56,537.33 489.44,537.95
             491.32,538.45 493.32,539.58 494.19,540.58
             495.94,542.70 499.95,542.95 500.57,540.95
             500.82,540.20 503.95,539.70 507.83,539.83
             511.58,539.83 520.08,540.08 526.59,540.20
             538.72,540.45 542.22,541.45 542.22,544.83
             542.22,546.08 543.97,546.95 547.23,547.58
             560.36,549.70 562.49,550.20 566.36,552.08
             571.24,554.57 574.12,553.33 575.62,547.83
             576.50,544.33 579.62,541.08 582.12,541.08
             582.75,541.08 582.25,541.83 581.00,542.83
             579.00,544.33 578.87,545.08 580.00,547.70
             581.37,550.58 581.25,550.95 577.75,552.20
             574.87,553.20 574.12,554.20 574.12,556.95
             574.12,561.32 576.12,563.57 580.12,563.57
             581.75,563.57 584.25,564.32 585.75,565.07
             587.25,565.95 590.25,566.82 592.26,566.95
             594.38,567.07 598.38,567.57 601.26,568.07
             606.01,568.70 606.39,569.07 605.26,571.19
             604.51,572.82 604.51,574.32 605.39,576.07
             606.39,577.94 606.26,579.32 604.76,581.44
             603.01,584.19 603.01,584.69 606.64,588.31
             608.77,590.56 611.14,592.31 612.14,592.31
             613.02,592.31 614.77,593.44 616.02,594.81
             617.27,596.19 619.02,597.31 619.90,597.31
             620.90,597.31 624.40,598.94 627.65,601.06
             631.41,603.31 635.66,604.93 638.66,604.93
             641.54,605.06 642.41,605.31 640.66,605.68
             639.16,605.93 637.28,607.31 636.66,608.56
             635.41,610.93 637.78,614.81 643.41,619.68
             652.79,627.43 657.92,634.92 657.92,640.55
             657.92,643.17 659.05,645.42 661.68,647.92
             663.68,649.79 666.30,654.17 667.43,657.54
             670.81,667.91 675.43,670.54 675.43,662.17
             675.43,655.17 677.69,656.42 680.94,665.16
             684.44,674.66 686.69,676.79 690.57,674.54
             692.19,673.66 693.95,672.41 694.32,671.79
             694.82,671.29 695.57,671.41 695.95,672.16
             696.45,672.91 695.45,674.16 693.70,674.91
             688.57,677.29 687.82,683.53 692.57,683.53
             693.70,683.53 695.70,682.66 696.95,681.41
             699.07,679.54 699.20,679.54 699.20,681.78
             699.20,683.16 698.45,685.03 697.70,685.91
             696.32,687.16 696.57,687.78 698.45,689.16
             699.95,690.28 700.70,692.41 700.70,695.41
             700.70,700.03 703.83,703.15 707.33,701.90
             710.21,700.78 711.71,703.53 710.08,707.15
             709.33,708.90 708.08,710.78 707.45,711.15
             705.95,712.27 707.70,720.52 709.83,722.27
             710.83,723.15 711.71,725.15 711.71,726.77
             711.71,728.89 712.71,730.27 714.83,731.02
             716.59,731.64 717.96,732.77 717.96,733.52
             717.96,734.14 718.84,734.77 719.84,734.77
             722.59,734.77 722.21,728.14 719.21,725.40
             717.84,724.15 716.71,722.40 716.71,721.40
             716.71,720.52 716.21,719.77 715.58,719.77
             714.96,719.77 713.83,718.15 713.21,716.15
             712.08,713.15 712.21,712.52 713.58,713.02
             714.46,713.40 715.58,714.52 715.96,715.52
             716.34,716.52 718.21,717.27 720.21,717.27
             724.97,717.27 726.97,719.40 725.09,722.40
             723.84,724.40 724.09,725.27 727.34,727.89
             734.97,734.14 739.35,733.14 736.85,725.90
             736.10,723.77 735.47,720.52 735.47,718.90
             735.47,716.90 734.60,715.52 733.10,715.15
             729.72,714.27 728.72,709.78 731.85,709.78
             734.35,709.78 736.72,713.15 736.72,716.90
             736.85,718.15 737.97,720.52 739.35,722.15
             741.48,724.77 742.35,725.02 745.23,724.02
             747.36,723.27 748.73,721.77 748.98,720.02
             749.23,718.02 750.23,717.27 752.48,717.27
             755.99,717.27 756.24,718.27 753.36,720.52
             751.23,722.15 751.23,722.40 753.36,724.02
             754.48,724.90 755.49,726.40 755.49,727.27
             755.49,729.27 761.49,727.77 764.87,724.90
             766.24,723.77 768.87,721.77 770.87,720.65
             773.87,718.77 774.25,717.65 774.25,711.90
             774.37,708.40 775.12,704.03 776.12,702.28
             777.12,700.53 777.87,696.78 778.00,693.91
             778.00,689.03 777.50,688.28 773.37,685.53
             770.75,683.91 767.24,681.16 765.62,679.41
             763.99,677.54 758.61,674.66 753.73,672.79
             735.22,665.91 730.22,661.29 727.22,648.55
             726.09,643.80 720.96,633.05 712.33,617.55
             705.08,604.56 699.20,593.06 699.20,592.06
             699.20,589.69 695.95,586.94 690.57,584.82
             687.44,583.57 685.69,581.69 683.81,577.44
             682.44,574.32 679.81,569.45 677.94,566.70
             676.06,563.95 674.18,559.95 673.68,557.82
             672.18,551.20 666.05,547.45 660.17,549.70
             654.92,551.70 643.54,562.20 642.54,566.07
             642.04,568.20 640.91,569.82 639.91,569.82
             639.04,569.82 637.03,571.19 635.53,572.82
             631.53,577.19 624.53,580.69 622.90,579.07
             622.27,578.44 621.40,575.07 620.90,571.69
             619.65,559.95 619.77,560.20 609.14,554.82
             601.64,551.08 598.38,548.58 595.51,544.45
             592.13,539.45 591.88,538.58 593.01,533.71
             593.63,530.83 593.88,527.96 593.63,527.46
             592.76,526.08 579.37,528.08 577.25,529.83
             575.75,531.08 574.62,530.96 571.99,529.21
             568.87,527.08 568.62,527.08 567.11,529.08
             566.11,530.58 564.24,531.08 561.36,530.83
             561.36,530.83 557.23,530.46 557.23,530.46
             557.23,530.46 556.86,309.65 556.86,309.65
             556.86,309.65 556.61,88.97 556.61,88.97
             556.61,88.97 548.73,86.35 548.73,86.35
             534.72,81.72 522.46,79.85 500.32,78.73
             477.06,77.48 472.18,76.60 462.17,71.48
             455.17,67.98 443.03,67.10 437.91,69.98
             433.65,72.10 429.28,70.48 426.27,65.48
             423.15,60.11 420.65,58.73 413.77,58.73
             410.39,58.73 405.51,57.36 400.51,54.98
             393.25,51.61 392.13,51.36 384.37,52.36
             377.87,53.11 375.62,53.98 374.24,55.98
             371.61,59.98 366.99,59.48 362.36,54.48
             356.85,48.61 353.35,46.99 350.10,48.73
             347.97,49.98 346.85,49.48 342.60,45.74
             339.97,43.24 337.22,41.24 336.47,41.24
             335.84,41.24 335.59,40.36 335.97,39.36
             338.47,32.99 331.84,27.49 321.71,27.49
             317.33,27.49 315.20,26.99 314.70,25.62
             313.83,23.37 307.70,23.12 307.70,25.37
             307.70,26.24 305.95,29.12 303.70,31.74
             299.82,36.49 299.82,36.49 297.82,33.99
             296.69,32.61 294.19,31.24 292.19,30.99
             289.06,30.62 288.44,29.87 287.06,24.49
             285.43,18.12 283.68,16.24 279.43,16.24
             275.68,16.24 269.42,24.49 271.42,26.74
             272.93,28.62 272.05,34.49 269.80,37.24
             268.80,38.49 267.92,38.11 265.80,35.49
             263.54,32.61 262.79,32.36 260.54,33.49
             258.54,34.61 257.54,34.49 256.41,33.11
             255.41,31.99 255.41,31.24 256.16,31.24
             258.42,31.24 261.54,27.24 260.92,25.37
             260.54,24.37 261.17,23.37 262.42,22.87
             265.05,21.87 270.05,16.24 270.17,14.00
             270.17,12.37 258.54,6.25 255.16,6.25
             254.16,6.25 250.79,4.87 247.78,3.12
             244.91,1.37 242.16,0.00 241.91,0.00
             241.53,0.00 240.78,1.37 239.90,3.12 Z
           M 254.16,8.75
           C 255.04,8.75 258.42,10.00 261.67,11.62
             267.42,14.25 267.55,14.50 265.42,16.87
             264.17,18.24 262.04,19.99 260.79,20.74
             259.42,21.49 258.17,23.37 257.92,24.87
             257.67,26.24 256.41,28.12 255.04,28.74
             253.79,29.49 252.66,30.87 252.66,31.86
             252.66,34.74 256.54,37.74 259.42,36.99
             261.17,36.49 262.67,37.11 264.04,38.99
             267.42,43.24 271.92,41.24 274.18,34.49
             275.18,31.37 275.68,28.24 275.18,27.37
             273.93,25.37 277.93,18.62 280.05,18.99
             282.31,19.49 283.56,21.74 285.18,28.37
             286.43,33.36 286.81,33.74 290.81,33.74
             293.94,33.74 295.19,34.36 295.82,36.24
             297.44,41.36 302.82,38.99 308.32,30.62
             311.07,26.49 311.70,26.12 312.20,28.24
             312.70,30.37 313.95,30.62 320.83,30.62
             327.34,30.62 329.34,31.12 331.59,33.24
             333.71,35.49 333.96,36.36 332.84,38.49
             330.84,42.24 331.09,43.74 333.71,43.74
             334.97,43.74 338.34,45.74 341.22,48.23
             345.60,51.98 346.97,52.48 350.48,51.86
             354.10,51.23 355.23,51.73 359.61,56.11
             365.61,62.36 371.36,62.98 376.37,58.23
             380.87,53.98 390.00,53.61 398.38,57.36
             401.88,58.98 408.26,60.61 412.64,61.11
             418.02,61.73 420.90,62.73 421.65,64.10
             422.27,65.23 424.27,67.85 426.15,69.98
             429.65,74.23 430.90,74.35 444.04,71.48
             448.66,70.35 450.79,70.60 456.29,72.60
             459.80,73.85 466.05,76.10 470.05,77.60
             475.68,79.72 481.81,80.47 499.07,81.22
             520.21,82.22 527.84,83.35 545.73,88.22
             545.73,88.22 554.11,90.47 554.11,90.47
             554.11,90.47 554.11,310.65 554.11,310.65
             554.11,485.22 554.48,531.08 555.73,532.08
             558.73,534.58 565.99,535.21 567.74,533.08
             569.24,531.33 569.62,531.33 572.37,533.21
             575.24,534.96 575.62,534.96 577.75,532.96
             579.12,531.83 582.50,530.58 585.25,530.21
             590.00,529.58 590.38,529.71 590.38,532.46
             590.38,536.46 588.50,539.08 586.63,537.95
             585.88,537.46 582.75,537.95 579.75,539.20
             574.99,540.95 574.12,541.95 573.37,545.58
             572.37,551.33 571.12,551.70 565.99,548.58
             563.61,547.08 560.61,546.08 559.48,546.20
             558.23,546.33 555.11,546.08 552.61,545.58
             549.10,544.83 547.85,543.95 547.85,542.20
             547.85,540.58 546.98,539.83 544.85,539.83
             543.10,539.83 541.35,539.20 540.85,538.45
             540.35,537.58 537.22,537.33 531.47,537.95
             525.96,538.58 520.71,538.33 516.71,537.21
             512.20,536.08 508.95,536.08 503.95,536.96
             500.32,537.71 496.44,537.83 495.44,537.33
             494.32,536.71 492.44,535.96 491.07,535.58
             489.56,535.08 489.06,534.08 489.69,532.58
             490.06,531.46 490.82,528.96 491.19,526.96
             491.82,524.21 491.44,523.58 489.31,523.58
             487.94,523.58 486.19,524.46 485.31,525.46
             484.19,526.71 481.43,527.33 476.31,527.33
             476.31,527.33 468.93,527.33 468.93,527.33
             468.93,527.33 469.30,523.21 469.30,523.21
             469.68,519.59 469.30,519.21 465.92,518.84
             463.92,518.59 461.17,517.46 459.92,516.34
             458.04,514.71 457.17,514.59 455.17,515.84
             452.92,517.21 452.79,517.09 453.04,513.46
             453.54,508.46 450.29,505.97 446.54,508.34
             442.66,510.71 441.91,510.21 440.78,503.97
             439.53,497.59 436.91,495.72 433.28,498.72
             432.15,499.59 429.03,500.22 426.27,499.97
             422.65,499.72 420.90,500.22 419.64,501.97
             418.02,503.97 417.89,503.72 418.14,499.22
             418.27,495.47 417.89,494.22 416.27,493.84
             413.02,493.22 407.76,498.47 407.76,502.59
             407.76,504.47 407.26,506.09 406.51,506.09
             404.38,506.09 405.14,510.71 407.26,511.59
             409.14,512.34 409.14,512.71 406.64,515.21
             403.88,518.34 403.13,522.33 405.39,522.33
             406.14,522.33 407.89,521.71 409.26,520.96
             411.51,519.71 411.76,519.84 411.14,521.71
             410.64,522.83 410.26,524.46 410.26,525.46
             410.26,526.33 409.14,527.33 407.76,527.71
             406.39,528.08 405.26,529.21 405.26,530.33
             405.26,531.46 404.76,532.33 404.01,532.33
             403.38,532.33 402.76,533.96 402.76,535.83
             402.76,539.08 402.38,539.33 399.01,538.83
             396.63,538.45 395.25,538.83 395.25,539.83
             395.25,540.95 393.50,541.08 389.00,540.45
             383.25,539.70 382.75,539.83 382.75,542.20
             382.75,543.70 382.12,544.83 381.37,544.83
             380.74,544.83 379.24,546.83 378.24,549.20
             377.12,551.95 375.62,553.58 374.12,553.58
             372.74,553.58 371.49,554.70 371.11,556.20
             370.61,558.20 369.74,558.57 367.86,557.95
             366.11,557.45 364.98,557.82 364.48,559.07
             364.11,560.20 362.86,561.07 361.98,561.07
             360.98,561.07 359.73,562.07 359.36,563.20
             358.36,565.82 351.35,573.57 349.97,573.57
             349.47,573.57 347.97,572.57 346.72,571.32
             344.47,569.07 344.47,568.82 347.35,565.32
             348.85,563.32 351.85,559.95 353.98,557.70
             355.98,555.45 357.73,552.70 357.73,551.58
             357.73,549.45 357.35,549.45 346.47,551.83
             344.22,552.33 342.60,551.70 340.97,550.08
             338.84,547.58 338.84,547.45 341.84,545.45
             343.72,544.20 346.35,540.08 348.35,535.08
             351.23,527.96 351.60,525.58 350.85,519.46
             350.23,513.21 350.35,512.21 352.35,511.59
             355.73,510.46 359.11,508.84 363.73,505.97
             367.49,503.59 368.11,503.47 369.99,505.22
             372.24,507.21 380.87,507.34 391.25,505.47
             399.01,504.09 398.01,500.72 389.63,499.72
             386.12,499.34 381.87,498.22 380.12,497.34
             377.24,495.72 377.12,495.47 378.99,493.72
             380.12,492.59 382.12,491.09 383.50,490.35
             385.50,489.22 387.75,483.60 386.12,483.60
             384.12,483.60 374.37,487.72 372.61,489.35
             369.86,491.84 368.61,489.97 368.11,483.10
             367.86,479.47 368.36,477.47 370.36,475.72
             373.36,472.85 372.86,470.35 369.24,470.73
             364.86,471.23 361.48,474.97 361.48,479.35
             361.48,486.10 359.23,490.35 354.23,492.97
             343.72,498.59 334.09,510.46 333.96,518.21
             333.96,519.84 332.46,521.71 329.59,523.46
             327.21,524.83 325.21,526.46 325.21,527.08
             325.21,527.71 322.96,528.58 320.21,529.08
             314.33,529.96 313.70,532.33 318.95,534.58
             325.08,537.33 323.58,540.08 311.45,547.70
             308.20,549.83 306.95,551.70 306.45,554.82
             305.95,557.95 305.07,559.32 303.32,559.57
             299.44,560.32 297.69,562.32 297.69,566.20
             297.69,568.20 297.19,569.82 296.57,569.82
             294.56,569.82 287.56,577.44 288.44,578.69
             288.94,579.57 291.19,579.82 294.31,579.32
             300.07,578.32 311.45,581.57 311.45,584.19
             311.45,585.07 309.07,588.06 306.07,590.69
             303.07,593.31 300.32,596.44 299.82,597.56
             299.44,598.69 297.82,599.81 296.19,600.06
             294.44,600.31 292.31,602.18 290.69,605.18
             289.19,607.81 286.18,611.06 283.93,612.43
             281.68,613.81 279.68,616.06 279.30,617.43
             278.93,618.68 278.18,619.80 277.55,619.80
             276.93,619.80 273.93,622.05 270.92,624.80
             267.05,628.43 263.79,630.18 259.67,630.93
             252.79,632.18 248.91,635.30 248.91,639.55
             248.91,641.30 247.03,644.67 244.53,647.42
             242.16,650.17 240.15,653.54 240.15,655.17
             240.15,657.67 239.65,658.04 235.90,657.54
             232.27,657.17 231.65,657.42 230.90,660.29
             230.15,663.29 229.52,663.54 223.89,663.54
             218.52,663.54 217.64,663.17 217.64,661.04
             217.64,659.29 216.26,658.29 212.51,657.29
             209.76,656.54 207.13,655.04 206.76,654.04
             205.51,650.79 209.51,644.30 216.39,638.42
             228.02,628.55 230.15,626.30 230.15,623.55
             230.15,622.05 231.90,618.80 234.03,616.31
             237.53,612.31 237.90,611.31 237.28,606.06
             236.65,601.43 237.28,598.94 240.15,592.94
             244.03,585.07 245.03,577.32 242.41,577.32
             241.53,577.32 235.53,580.07 229.15,583.44
             229.15,583.44 217.51,589.44 217.51,589.44
             217.51,589.44 214.51,587.06 214.51,587.06
             212.76,585.69 211.39,583.57 211.39,582.19
             211.39,580.44 210.51,579.82 207.88,579.82
             202.76,579.82 201.38,581.94 201.38,590.06
             201.38,598.19 199.88,599.31 196.63,593.44
             191.25,583.82 188.00,581.69 182.74,585.07
             179.37,587.06 172.74,581.82 172.74,576.94
             172.61,570.69 167.73,572.57 157.10,582.94
             151.85,588.06 146.09,592.69 144.34,593.06
             137.34,594.81 135.71,590.69 140.22,582.94
             140.22,582.94 142.97,578.44 142.97,578.44
             142.97,578.44 140.09,574.57 140.09,574.57
             140.09,574.57 137.34,570.82 137.34,570.82
             137.34,570.82 141.22,567.32 141.22,567.32
             145.84,563.07 146.34,557.95 142.59,553.20
             141.22,551.45 140.09,548.20 140.09,545.83
             140.09,543.58 139.21,540.33 138.09,538.70
             136.34,536.33 136.34,535.08 137.59,530.08
             138.46,526.83 140.84,522.46 142.72,520.46
             146.84,515.96 147.59,511.09 144.09,511.09
             140.34,511.09 131.58,519.46 130.21,524.21
             129.58,526.58 129.33,531.83 129.71,535.83
             130.33,542.20 130.08,543.45 127.46,546.45
             124.83,549.33 123.08,549.95 113.82,550.83
             107.94,551.45 102.32,552.33 101.19,552.83
             99.31,553.58 99.31,553.20 100.44,548.83
             101.19,546.20 101.32,543.08 100.94,541.83
             99.94,539.20 94.94,537.33 89.06,537.33
             84.55,537.33 84.43,537.21 87.56,535.71
             89.81,534.58 91.06,532.58 91.81,528.71
             92.81,523.83 92.68,523.08 90.06,521.09
             87.18,518.96 87.18,518.84 89.18,513.71
             91.81,507.34 91.81,504.84 89.43,504.84
             88.43,504.84 87.56,504.09 87.56,503.22
             87.56,501.22 79.55,498.09 79.05,499.84
             78.80,500.59 76.80,502.09 74.80,503.09
             70.92,505.09 70.92,505.09 71.80,502.09
             74.05,493.97 74.05,493.97 71.42,493.22
             69.29,492.72 68.92,491.72 69.17,487.72
             69.42,483.60 69.04,482.97 66.42,482.60
             64.54,482.35 62.92,482.97 62.29,484.10
             60.91,486.60 58.79,486.72 58.79,484.35
             58.79,483.35 60.29,481.47 62.04,480.10
             64.79,478.22 65.17,477.35 64.17,475.47
             63.29,473.98 63.29,471.73 64.04,468.85
             64.79,466.35 65.04,462.48 64.67,460.23
             64.04,456.73 64.54,455.61 67.67,453.36
             70.17,451.48 72.05,448.48 73.30,443.98
             74.30,440.36 75.92,436.99 76.67,436.49
             77.55,435.99 81.68,435.24 86.06,434.74
             95.44,433.74 98.56,431.36 99.69,424.49
             100.44,419.24 103.82,414.87 106.94,414.87
             109.82,414.87 118.83,419.74 118.83,421.24
             118.83,421.99 120.33,422.37 122.20,422.12
             124.71,421.87 126.33,420.12 129.71,414.24
             131.96,410.12 134.21,405.75 134.59,404.50
             135.84,401.12 140.09,401.75 140.09,405.37
             140.09,408.75 145.84,411.87 149.85,410.62
             156.85,408.37 164.98,394.75 165.98,383.50
             167.11,372.26 165.73,368.01 160.10,364.01
             154.10,359.76 153.85,358.64 158.85,358.64
             161.85,358.64 162.98,357.76 164.98,353.89
             169.23,345.52 169.23,342.27 165.48,336.39
             161.98,331.02 159.60,329.77 158.48,332.77
             158.10,333.64 155.47,335.14 152.72,336.02
             149.85,336.89 147.09,338.39 146.72,339.39
             146.34,340.39 144.47,341.14 142.59,341.14
             138.09,341.14 133.84,346.27 133.84,351.51
             133.84,351.51 133.84,355.39 133.84,355.39
             133.84,355.39 130.33,352.01 130.33,352.01
             125.83,347.77 122.58,347.64 122.58,351.64
             122.58,353.26 123.45,354.89 124.45,355.39
             125.46,355.76 126.33,356.64 126.33,357.39
             126.33,359.89 122.70,358.64 119.83,355.01
             116.95,351.64 115.95,351.39 104.32,350.51
             92.93,349.76 91.18,349.89 85.93,352.39
             79.30,355.51 73.30,355.39 63.42,351.76
             57.79,349.64 57.41,349.26 58.16,346.02
             59.16,341.52 57.41,338.27 51.91,334.89
             46.53,331.52 46.28,329.65 51.28,330.77
             53.91,331.27 55.79,330.90 57.29,329.52
             58.41,328.52 60.79,327.40 62.54,327.15
             65.04,326.90 65.67,326.02 65.67,323.02
             65.67,319.90 65.04,319.02 61.79,318.02
             59.66,317.27 57.04,316.03 55.91,315.15
             54.66,314.03 52.41,313.78 49.41,314.40
             46.40,314.90 42.28,314.40 36.52,312.65
             31.90,311.28 25.64,309.40 22.51,308.53
             18.14,307.28 17.51,306.78 19.76,306.40
             21.26,306.15 23.52,304.53 24.64,302.90
             25.77,301.15 29.89,298.16 33.77,296.16
             37.65,294.16 42.65,291.16 44.65,289.41
             49.28,285.41 53.91,283.66 59.29,283.66
             64.54,283.66 67.29,280.79 65.04,278.04
             63.17,275.79 63.17,275.91 68.67,273.66
             70.92,272.79 73.80,270.54 74.92,268.67
             76.05,266.79 78.93,263.67 81.30,261.54
             85.18,258.17 86.81,257.67 96.56,256.92
             102.44,256.54 108.19,256.54 109.32,256.92
             111.95,257.92 111.82,261.04 108.95,264.17
             107.69,265.67 106.32,268.92 105.82,271.41
             104.82,277.04 106.69,278.41 117.83,279.91
             121.95,280.54 126.33,281.91 127.46,282.91
             128.58,283.91 131.46,284.66 133.84,284.66
             136.21,284.54 140.09,284.91 142.34,285.53
             145.47,286.28 146.34,286.03 146.34,284.54
             146.34,281.79 152.47,278.29 157.60,278.16
             161.48,278.04 161.98,277.66 162.35,274.54
             162.73,272.04 162.23,271.16 160.48,271.16
             159.23,271.16 157.23,269.66 155.98,268.04
             153.35,264.42 154.47,264.17 159.60,266.79
             163.98,269.04 166.36,269.04 169.23,266.92
             171.11,265.54 172.24,265.54 176.49,266.92
             184.99,269.91 193.87,266.29 193.87,259.92
             193.87,256.79 193.37,256.17 190.87,256.17
             188.50,256.17 188.00,255.67 188.50,253.67
             189.00,251.67 188.50,251.17 185.87,251.17
             183.99,251.17 181.12,252.05 179.37,253.17
             176.86,254.92 175.61,255.04 173.11,253.79
             168.86,251.92 161.98,252.05 157.85,254.17
             153.85,256.17 149.60,255.04 147.72,251.30
             145.72,247.55 145.97,246.55 149.47,245.67
             151.22,245.17 152.60,244.30 152.60,243.55
             152.60,240.92 146.47,236.43 141.72,235.55
             138.09,235.05 136.34,233.93 135.34,231.68
             134.21,229.30 132.96,228.68 129.58,228.68
             126.96,228.68 125.08,229.43 124.58,230.55
             124.08,231.93 121.95,232.43 117.20,232.43
             113.57,232.43 109.95,233.05 109.20,233.80
             106.82,236.18 105.07,233.80 105.07,228.55
             105.07,216.43 96.81,196.06 89.81,190.81
             88.06,189.44 83.80,188.19 80.55,187.82
             74.42,187.19 46.28,174.94 46.28,172.82
             46.28,172.32 48.66,169.82 51.53,167.45
             56.29,163.32 56.66,162.45 56.66,157.08
             56.66,152.95 55.91,149.95 54.03,147.45
             51.41,144.08 51.41,143.70 53.41,142.70
             54.66,141.96 58.16,141.08 61.29,140.58
             64.42,140.08 69.42,138.58 72.55,137.21
             75.67,135.83 83.05,133.33 89.18,131.71
             102.07,128.21 106.07,126.34 112.45,120.59
             118.08,115.46 120.58,109.84 122.33,98.22
             123.45,91.35 124.45,88.85 127.46,85.72
             129.46,83.60 131.96,80.10 132.84,77.85
             135.09,72.73 150.85,60.98 154.22,61.98
             155.85,62.48 157.85,61.61 160.23,59.23
             164.36,55.23 170.11,54.73 173.61,57.86
             177.11,61.11 178.11,60.48 180.37,53.98
             181.62,50.73 183.74,46.24 185.12,43.99
             187.50,39.99 187.75,39.99 194.50,40.74
             202.25,41.74 204.51,40.49 207.26,33.99
             209.01,29.62 212.89,27.49 218.89,27.49
             220.77,27.49 225.39,25.87 229.15,23.99
             232.90,21.99 237.40,19.99 239.28,19.49
             244.03,18.37 246.03,13.00 243.53,8.50
             240.90,4.00 242.03,3.37 247.78,6.25
             250.41,7.62 253.29,8.75 254.16,8.75 Z
           M 135.71,249.67
           C 136.46,250.17 137.84,251.67 138.84,252.92
             140.72,255.29 140.72,255.29 136.71,253.05
             134.46,251.67 132.59,250.17 132.59,249.67
             132.59,248.42 134.09,248.42 135.71,249.67 Z
           M 149.85,266.17
           C 151.35,266.29 151.10,266.79 148.85,268.04
             145.09,270.04 144.59,269.79 145.84,265.92
             146.34,264.29 146.97,263.79 147.22,264.54
             147.59,265.42 148.72,266.17 149.85,266.17 Z
           M 79.05,516.34
           C 76.80,518.59 77.30,521.09 79.80,521.09
             84.93,521.09 86.93,527.46 82.55,529.83
             81.18,530.58 80.05,532.08 80.05,533.21
             80.05,534.83 79.68,534.96 78.55,533.83
             77.67,532.96 77.05,530.83 76.92,528.83
             76.92,526.33 76.17,525.33 74.17,525.08
             71.42,524.71 70.05,522.33 72.55,522.33
             73.30,522.33 73.80,521.21 73.80,519.84
             73.80,518.46 74.67,517.34 75.67,517.34
             76.80,517.34 77.93,516.46 78.43,515.46
             78.80,514.34 79.43,513.84 79.80,514.21
             80.18,514.59 79.80,515.59 79.05,516.34 Z
           M 90.06,526.21
           C 90.06,526.96 89.56,527.08 88.81,526.71
             88.18,526.33 87.56,525.33 87.56,524.71
             87.56,523.96 88.18,523.83 88.81,524.21
             89.56,524.58 90.06,525.58 90.06,526.21 Z
           M 88.18,532.21
           C 87.81,532.96 86.43,533.58 85.30,533.58
             83.43,533.46 83.43,533.33 85.55,531.71
             88.18,529.71 89.56,530.08 88.18,532.21 Z
           M 593.63,546.70
           C 596.38,551.20 598.88,553.20 605.39,556.20
             616.15,561.32 617.90,562.95 617.90,568.45
             617.90,570.94 618.52,575.07 619.27,577.57
             620.27,581.57 621.02,582.32 624.03,582.32
             625.90,582.32 629.40,580.94 631.78,579.19
             634.16,577.44 637.91,574.94 640.16,573.44
             642.79,571.82 644.54,569.32 645.04,567.07
             645.41,565.07 646.79,562.95 648.17,562.20
             649.54,561.45 652.79,558.82 655.55,556.45
             663.05,549.70 669.43,550.70 671.06,558.95
             671.56,561.20 673.43,565.20 675.31,567.95
             677.31,570.69 679.56,575.07 680.31,577.57
             681.94,582.57 685.44,585.94 691.57,588.56
             693.70,589.44 695.70,591.31 696.20,592.81
             696.57,594.19 703.08,606.68 710.58,620.43
             718.96,635.80 724.47,647.55 724.97,650.79
             726.59,661.42 735.60,669.66 751.11,674.79
             759.99,677.79 775.50,689.66 775.50,693.66
             775.50,694.78 774.62,698.15 773.62,701.03
             772.62,703.90 771.75,708.53 771.75,711.15
             771.75,716.27 771.37,716.77 763.74,721.77
             758.36,725.27 755.49,724.40 757.99,719.77
             759.74,716.40 757.49,713.15 754.11,714.15
             750.98,715.15 751.11,712.65 754.23,710.78
             757.11,708.90 757.49,705.03 754.86,704.03
             753.73,703.53 752.73,700.78 752.23,697.15
             751.61,692.28 750.86,691.03 749.11,691.03
             747.86,691.03 746.23,689.91 745.48,688.53
             744.60,686.91 742.85,686.03 740.48,686.03
             737.47,686.03 736.72,686.53 736.72,688.78
             736.72,690.91 736.35,691.16 735.22,690.03
             734.10,688.91 734.10,688.16 735.22,687.03
             737.85,684.41 736.85,681.53 731.09,675.54
             727.84,672.04 725.47,668.29 725.47,666.66
             725.47,665.04 724.59,663.54 723.59,663.04
             722.59,662.67 721.71,661.17 721.71,659.79
             721.71,658.42 720.84,656.92 719.84,656.54
             718.84,656.04 717.96,654.42 717.96,652.79
             717.96,650.67 716.96,649.29 714.58,648.17
             712.71,647.42 710.08,645.67 708.83,644.42
             706.95,642.55 706.95,642.17 708.58,641.55
             711.46,640.42 710.96,636.05 707.95,636.05
             706.58,636.05 705.45,635.17 705.45,634.17
             705.45,633.17 706.20,632.30 707.20,632.30
             710.08,632.30 710.83,629.80 708.83,627.55
             707.83,626.43 706.45,623.68 705.83,621.68
             705.08,619.30 703.70,617.93 702.20,617.93
             698.57,617.80 696.57,616.06 697.32,613.68
             697.95,611.56 692.19,606.06 689.19,606.06
             688.44,606.06 687.57,605.18 687.19,604.18
             686.44,602.18 679.94,598.56 677.06,598.56
             676.06,598.56 675.43,596.94 675.43,593.94
             675.43,591.44 674.56,588.44 673.56,587.31
             672.43,586.06 670.56,582.32 669.31,578.82
             666.93,571.94 663.55,567.32 660.92,567.32
             657.92,567.32 657.67,569.94 660.30,572.44
             661.80,573.82 662.93,575.82 662.93,576.94
             662.93,579.07 664.55,584.69 667.43,592.31
             670.06,599.44 670.56,606.06 668.55,606.06
             667.55,606.06 666.05,605.06 665.18,603.81
             664.30,602.68 661.93,601.06 659.80,600.31
             656.80,599.31 656.17,598.44 656.42,595.81
             656.55,594.06 655.92,591.94 654.80,591.06
             653.80,590.19 652.92,588.44 652.92,587.19
             652.92,584.19 648.79,582.57 642.29,582.94
             639.54,583.07 635.66,583.32 633.78,583.44
             631.16,583.57 630.28,584.07 630.66,585.69
             630.91,587.31 632.66,588.06 636.53,588.56
             641.79,589.19 642.04,589.44 643.66,594.81
             644.91,599.06 644.91,600.56 643.79,601.31
             641.16,603.06 634.53,602.43 631.53,600.06
             627.03,596.81 623.15,594.81 621.40,594.81
             620.52,594.81 619.02,593.69 618.15,592.31
             617.27,590.94 615.65,589.81 614.39,589.81
             613.14,589.81 610.77,588.44 609.14,586.69
             606.76,584.19 606.51,583.32 607.77,581.82
             608.77,580.69 609.02,578.44 608.52,576.32
             608.02,573.82 608.39,572.19 609.77,571.07
             610.77,570.19 611.64,568.57 611.64,567.32
             611.64,565.70 610.39,565.20 605.14,565.07
             596.01,564.95 590.25,564.07 586.63,562.57
             584.88,561.82 582.00,560.95 580.12,560.57
             575.75,559.57 575.62,556.45 579.75,554.82
             583.63,553.33 584.75,550.83 583.12,547.70
             582.00,545.83 582.50,545.08 585.75,543.45
             588.00,542.33 589.75,541.33 589.88,541.20
             590.00,541.08 591.63,543.58 593.63,546.70 Z
           M 672.93,595.31
           C 672.93,598.94 673.56,600.19 675.81,601.06
             677.94,601.93 678.06,602.18 676.43,602.18
             674.06,602.31 673.43,606.06 675.43,608.06
             676.06,608.68 676.31,610.56 675.81,612.18
             675.18,614.68 674.81,614.81 673.68,613.43
             672.93,612.43 670.93,610.93 669.18,610.18
             669.18,610.18 666.05,608.68 666.05,608.68
             666.05,608.68 669.68,609.43 669.68,609.43
             669.68,609.43 673.18,610.18 673.18,610.18
             673.18,610.18 672.31,602.18 672.31,602.18
             671.81,597.81 670.68,592.56 669.68,590.56
             667.18,585.32 667.55,583.94 670.43,587.69
             671.93,589.56 672.93,592.69 672.93,595.31 Z
           M 650.92,590.06
           C 652.04,592.19 652.92,595.06 652.92,596.44
             652.92,597.81 653.92,600.19 655.17,601.56
             657.17,603.93 657.17,604.06 655.17,602.43
             653.92,601.56 652.17,601.06 651.29,601.43
             650.29,601.81 648.92,599.94 647.42,596.19
             646.29,593.06 644.66,589.44 644.04,588.19
             643.04,586.44 643.41,586.06 645.92,586.06
             648.17,586.06 649.54,587.19 650.92,590.06 Z
           M 684.19,604.93
           C 684.19,606.68 682.19,606.31 680.56,604.31
             679.31,602.81 679.56,602.68 681.56,603.18
             683.06,603.56 684.19,604.31 684.19,604.93 Z
           M 657.92,607.56
           C 657.92,608.18 659.05,608.56 660.42,608.56
             661.80,608.56 662.93,609.06 662.93,609.68
             662.93,610.31 664.68,611.43 666.80,612.18
             666.80,612.18 670.68,613.56 670.68,613.56
             670.68,613.56 670.06,621.93 670.06,621.93
             669.68,626.68 669.05,632.18 668.55,634.42
             667.93,637.05 668.55,641.42 670.43,647.55
             674.06,660.04 673.43,665.91 669.56,655.29
             667.93,651.17 665.30,646.42 663.55,644.80
             661.68,643.05 660.42,640.42 660.42,638.55
             660.42,634.05 655.55,626.93 646.29,618.18
             642.16,614.31 639.16,610.68 639.54,610.31
             639.91,609.81 643.04,608.31 646.29,606.81
             650.92,604.56 652.79,604.31 655.05,605.31
             656.67,606.06 657.92,607.06 657.92,607.56 Z
           M 684.19,611.18
           C 684.94,612.43 685.44,614.93 685.44,616.81
             685.44,618.68 686.32,620.80 687.32,621.55
             690.19,623.68 687.69,632.18 682.94,636.05
             680.94,637.80 679.19,639.92 679.19,640.67
             679.19,643.05 676.94,642.55 675.43,639.92
             673.93,637.05 677.06,614.31 679.31,611.56
             680.06,610.68 680.31,609.31 679.81,608.68
             679.44,607.81 679.81,607.68 681.06,608.06
             682.06,608.56 683.56,609.93 684.19,611.18 Z
           M 692.57,611.81
           C 693.45,612.68 694.20,614.43 694.20,615.81
             694.20,619.05 697.32,621.55 700.45,620.68
             701.83,620.30 702.95,620.55 702.95,621.05
             702.95,621.68 703.33,622.93 703.70,624.05
             704.20,625.55 703.70,626.05 701.83,626.05
             698.70,626.05 698.20,629.93 701.08,632.30
             702.08,633.17 702.95,634.55 702.95,635.55
             702.95,636.42 703.95,637.80 705.20,638.42
             707.20,639.67 707.20,639.67 705.20,639.80
             704.08,639.80 702.70,639.17 702.20,638.42
             701.83,637.67 700.33,637.30 699.07,637.67
             697.82,638.05 694.82,637.67 692.45,636.80
             689.32,635.67 688.44,634.92 689.19,633.55
             689.69,632.55 690.57,629.05 691.07,625.93
             691.82,621.30 691.57,620.05 689.94,619.43
             688.69,618.93 687.94,617.18 687.94,614.43
             687.94,612.18 687.19,609.56 686.44,608.68
             685.07,607.31 685.32,607.31 687.94,608.56
             689.57,609.43 691.69,610.93 692.57,611.81 Z
           M 673.81,623.18
           C 673.43,624.43 673.18,623.43 673.18,621.05
             673.18,618.68 673.43,617.68 673.81,618.80
             674.06,620.05 674.06,622.05 673.81,623.18 Z
           M 671.31,637.55
           C 670.93,638.42 670.68,637.80 670.68,636.05
             670.68,634.30 670.93,633.67 671.31,634.42
             671.56,635.30 671.56,636.80 671.31,637.55 Z
           M 685.44,640.92
           C 685.44,642.30 686.07,643.80 686.69,644.17
             689.32,645.80 687.82,647.17 684.82,645.80
             681.56,644.30 681.19,643.67 682.44,640.55
             683.56,637.80 685.44,638.05 685.44,640.92 Z
           M 697.32,640.92
           C 699.57,641.42 701.20,642.67 701.45,644.05
             701.70,645.30 703.45,647.67 705.20,649.17
             708.33,651.92 708.08,655.54 704.83,654.29
             703.95,654.04 701.95,654.79 700.33,656.17
             698.82,657.42 696.82,658.54 695.82,658.54
             694.95,658.54 694.20,659.29 694.20,660.04
             694.20,660.92 692.82,660.04 691.32,658.04
             687.07,652.79 683.56,654.29 684.56,660.79
             684.94,663.29 685.57,666.54 685.94,667.91
             686.44,669.29 685.57,668.16 684.19,665.41
             682.81,662.67 681.69,659.42 681.69,658.17
             681.69,657.04 681.19,656.04 680.56,656.04
             678.94,656.04 677.94,649.29 679.56,648.30
             680.19,647.92 682.19,648.05 683.81,648.67
             685.57,649.29 687.69,649.79 688.69,649.79
             690.82,649.79 691.07,644.67 689.07,642.67
             687.19,640.80 688.94,638.17 691.57,639.30
             692.70,639.67 695.20,640.42 697.32,640.92 Z
           M 675.93,650.04
           C 676.06,651.92 675.68,653.04 675.31,652.54
             674.06,651.17 671.68,643.42 671.68,641.17
             671.81,637.92 675.81,646.30 675.93,650.04 Z
           M 714.21,651.04
           C 715.84,652.04 715.84,652.29 713.96,652.29
             712.83,652.29 711.58,653.29 711.33,654.42
             710.96,655.79 710.71,655.29 710.58,653.17
             710.46,649.54 711.21,649.04 714.21,651.04 Z
           M 704.45,660.42
           C 704.08,662.54 703.20,663.54 701.95,663.29
             699.32,662.79 698.45,659.79 700.95,659.79
             702.08,659.79 702.95,659.17 702.95,658.54
             702.95,657.79 703.45,657.29 704.08,657.29
             704.58,657.29 704.83,658.67 704.45,660.42 Z
           M 690.69,661.54
           C 691.94,663.29 692.32,665.04 691.69,666.16
             690.19,668.41 688.44,666.66 687.32,661.92
             686.19,657.79 687.82,657.54 690.69,661.54 Z
           M 718.84,659.29
           C 718.46,659.67 717.34,659.79 716.46,659.42
             715.46,659.04 715.84,658.67 717.21,658.67
             718.59,658.54 719.34,658.92 718.84,659.29 Z
           M 713.46,660.92
           C 713.83,661.54 712.46,662.29 710.46,662.54
             706.83,663.04 705.83,662.42 707.58,660.67
             708.71,659.42 712.71,659.54 713.46,660.92 Z
           M 197.38,668.04
           C 204.01,671.66 206.38,671.79 206.38,668.79
             206.38,667.16 207.51,666.66 211.39,666.66
             215.76,666.66 216.14,666.91 214.26,668.16
             213.14,669.04 211.51,669.79 210.64,669.79
             208.76,669.79 197.63,682.53 197.63,684.66
             197.63,685.41 196.88,686.03 195.88,686.03
             194.88,686.03 192.87,687.53 191.37,689.41
             190.00,691.41 187.62,694.28 186.24,696.03
             186.24,696.03 183.87,699.15 183.87,699.15
             183.87,699.15 184.62,694.41 184.62,694.41
             185.24,690.78 184.99,689.78 183.49,689.78
             181.62,689.78 175.36,694.41 170.36,699.40
             168.61,701.28 166.11,702.28 163.23,702.28
             160.23,702.28 158.85,702.90 158.85,704.15
             158.85,707.40 155.22,706.15 154.35,702.53
             153.97,700.65 153.35,698.28 153.10,697.28
             152.72,696.28 153.35,693.78 154.35,691.66
             155.35,689.66 156.48,686.91 156.85,685.66
             157.48,683.78 157.98,683.66 160.10,684.78
             164.48,687.03 167.48,685.16 168.98,679.16
             171.11,670.54 181.12,662.79 188.12,664.29
             190.12,664.79 194.25,666.41 197.38,668.04 Z
           M 712.08,666.79
           C 711.71,667.79 712.58,670.29 713.96,672.16
             713.96,672.16 716.46,675.66 716.46,675.66
             716.46,675.66 713.46,675.04 713.46,675.04
             709.58,674.29 706.33,668.66 708.46,666.41
             710.46,664.17 712.96,664.42 712.08,666.79 Z
           M 705.45,671.04
           C 707.08,674.16 709.08,676.29 711.08,676.79
             713.08,677.29 714.21,678.41 714.21,679.91
             714.21,681.28 715.08,682.66 716.09,683.03
             717.21,683.53 717.96,685.41 717.96,687.91
             717.96,690.91 718.84,692.78 721.09,694.53
             723.59,696.53 724.22,698.15 724.22,703.03
             724.22,706.65 724.97,709.78 726.22,711.15
             727.34,712.40 727.97,713.90 727.59,714.40
             726.47,716.15 717.96,714.77 717.96,712.90
             717.96,712.02 716.84,711.03 715.46,710.65
             713.46,710.15 713.21,709.28 713.71,705.78
             714.33,702.15 713.96,701.28 711.33,699.90
             709.58,699.03 707.70,698.53 707.08,698.90
             706.45,699.28 705.20,699.15 704.20,698.53
             702.70,697.65 702.70,697.28 704.58,696.53
             707.20,695.53 707.45,692.28 704.83,692.28
             703.83,692.28 702.83,691.28 702.83,690.03
             702.70,688.91 702.45,687.03 702.33,686.03
             702.20,685.03 701.95,682.66 701.83,680.66
             701.70,676.79 698.20,676.04 694.95,679.29
             693.82,680.28 692.95,680.66 692.95,680.04
             692.95,679.41 694.32,677.91 696.07,676.79
             699.95,674.29 699.95,672.66 696.45,668.91
             696.45,668.91 693.82,666.04 693.82,666.04
             693.82,666.04 698.32,666.04 698.32,666.04
             702.45,666.04 703.20,666.54 705.45,671.04 Z
           M 719.21,668.41
           C 719.21,669.79 720.59,672.54 722.34,674.54
             724.22,676.79 725.22,679.04 724.72,680.28
             723.97,682.28 723.72,682.28 721.59,680.28
             720.21,679.16 719.21,677.04 719.21,675.66
             719.21,674.29 718.34,672.16 717.21,670.91
             716.09,669.66 715.58,668.04 716.09,667.41
             717.34,665.16 719.21,665.79 719.21,668.41 Z
           M 732.72,684.41
           C 732.10,685.28 731.60,687.16 731.72,688.78
             732.22,694.91 731.72,697.03 729.22,697.65
             727.59,698.03 726.72,697.65 726.72,696.53
             726.72,695.66 725.34,693.91 723.59,692.78
             721.34,691.28 720.46,689.78 720.59,686.78
             720.71,684.66 720.96,683.91 721.34,685.03
             721.59,686.28 722.59,687.28 723.34,687.28
             726.47,687.28 728.22,684.91 728.34,680.53
             728.34,680.53 728.47,676.04 728.47,676.04
             728.47,676.04 731.22,679.41 731.22,679.41
             733.10,681.78 733.60,683.41 732.72,684.41 Z
           M 742.85,690.91
           C 743.98,692.91 743.85,693.16 741.73,692.66
             740.35,692.28 739.23,691.16 739.23,690.28
             739.23,687.78 741.48,688.16 742.85,690.91 Z
           M 749.61,697.53
           C 749.86,699.78 749.73,701.78 749.11,702.03
             747.11,702.78 747.86,704.53 750.48,705.40
             751.86,705.78 752.98,706.78 752.98,707.40
             752.98,708.03 751.61,707.65 749.86,706.53
             747.48,704.90 746.98,703.90 747.61,700.90
             747.98,698.78 747.61,696.53 746.73,695.41
             745.48,693.91 745.48,693.53 747.11,693.53
             748.23,693.53 749.23,695.03 749.61,697.53 Z
           M 145.22,704.15
           C 144.47,711.03 144.22,711.40 142.84,708.78
             141.84,707.03 140.09,706.03 138.09,706.03
             138.09,706.03 134.84,706.03 134.84,706.03
             134.84,706.03 135.71,714.77 135.71,714.77
             135.71,714.77 136.59,723.65 136.59,723.65
             136.59,723.65 128.58,722.77 128.58,722.77
             128.58,722.77 120.45,722.02 120.45,722.02
             120.45,722.02 113.82,729.52 113.82,729.52
             106.07,738.39 104.32,739.39 101.19,736.52
             97.44,733.14 98.31,729.02 103.32,725.15
             105.94,723.15 109.07,718.90 110.82,715.02
             113.57,708.90 114.07,708.53 118.45,708.53
             122.08,708.53 124.08,707.53 127.58,704.15
             132.08,699.78 132.08,699.78 134.46,702.28
             135.71,703.65 137.71,704.78 138.96,704.78
             141.59,704.78 144.34,700.40 143.34,697.90
             142.59,695.91 143.97,694.41 145.22,695.66
             145.72,696.28 145.72,700.03 145.22,704.15 Z
           M 744.60,702.53
           C 744.23,705.15 744.35,707.28 744.98,707.28
             745.60,707.28 746.10,710.40 746.23,714.15
             746.23,719.15 745.73,721.02 744.48,721.02
             742.10,721.02 739.23,717.90 739.23,715.15
             739.23,711.65 735.72,707.28 732.85,707.28
             731.60,707.28 730.47,706.53 730.47,705.53
             730.47,704.53 730.09,702.90 729.72,701.78
             729.09,700.28 729.84,700.03 733.47,700.65
             737.35,701.28 738.10,700.90 739.35,698.15
             740.60,695.41 741.10,695.16 743.10,696.40
             744.98,697.53 745.23,698.78 744.60,702.53 Z
           M 732.97,722.90
           C 732.97,722.90 732.97,728.64 732.97,728.64
             732.97,728.64 729.97,726.40 729.97,726.40
             727.59,724.52 727.34,723.77 728.47,721.65
             729.72,719.52 731.72,717.40 732.72,717.27
             732.85,717.27 732.97,719.77 732.97,722.90 Z
           M 716.09,727.27
           C 716.46,727.89 716.21,728.52 715.58,728.52
             714.83,728.52 714.21,727.89 714.21,727.27
             714.21,726.52 714.46,726.02 714.71,726.02
             715.08,726.02 715.71,726.52 716.09,727.27 Z" />
</svg>
